typography_spectrum: 0.8137961674947292
color:
  brandStrength: 0.5014415960758924
  lightness: 0.08477874263189733
  saturation: 0.6822734430897981
  rhythmicContrast: 0.2835532322060317
layout_spectrum: 0.06072479742579162
name: ashd
title: ashd
